5

-2.24182   1.1277  
-2.49893   -0.0548466  
2.21968   1.16653  
-0.0163489   2.52014  
2.5   0.0

-2.5   0.0  
-1.76699   1.78949  
2.4997   0.0548575  
1.73805   1.81549  
0.0372358   -2.47734  

0.581249   1.41673

2.79281   0.056629  
3.1276   2.9721  
-3.18415   2.93936  
-2.79437   -0.00542561  
-2.23661   0.0  
-1.06715   0.998547  
1.05498   1.01752  
2.23751   0.0484422 

0.999412   0.00339125  
0.707108   0.707107  
0.0   1  
-0.707107   0.707107  
-1   0.0
-0.707106   -0.707107  
0.0   -0.999998  
0.707108   -0.707087  