6
-2.54532	0.0287573 
-2.42676	0.751246
-2.50888	-0.0127005
2.41526   -1.19333 
2.49998   0.0154705 
-2.42867   -0.069803 

2.40422   1.22515 
-2.52105   -0.0236459 
-2.55586   -0.584694 
-2.45232   0.207533 
2.5   0.0 
-2.5   0.0

-0.804535   -0.651093

2.59885   0.00782813 
2.40224   0.00752819 
-2.51862   -0.00350197 
-2.13894   0.0522401 
-0.503765   -0.0062407 
-2.46973   0.0411393 
-12.5848   1.9856 
-2.49641   -0.0232493 
-2.73579   0.145439 
-2.56794   -0.0767128 

1.00004   0.0 
0.809101   0.587742 
0.310538   0.94676 
-0.308864   0.951138 
-0.808981   0.587884 
-1.00006   0.000150085 
-0.846912   -0.618026 
-0.309287   -0.952722 
0.308818   -0.951145 
0.808934   -0.587982 